Anopheles	Susceptibl	m01	d1	m02	d2	m03	d3	T
3	442	5	772.0146	4	772.0146	6	772.0146	16
3	670	10	556.702	11	556.702	9	556.702	16
2	572	5	702	4	701.972	6	701.972	17
2	4402	2	129.204	2	129.204	2	129.204	16
2	5238	12	351.23	11	351.23	10	351.23	12
2	670	10	217.675	11	217.675	9	217.675	16
2	187	3	56.604	5	56.604	4	56.604	17
2	572	5	701.972	4	701.972	3	701.972	17
1	572	5	643.729	4	643.729	3	643.729	15
1	5238	12	1607	11	1607	10	1607	17
1	1175	5	375.3	4	375.3	6	375.3	15
1	4402	2	105.81	2	105.81	2	105.81	15
1	307	1	3178.497	1	3178.497	1	3178.497	24
1	4402	2	211.262	2	211.262	2	211.262	13
1	2835	11	977.638	12	977.638	10	977.638	14
1	347	2	2400	2	2400	2	2400	14
1	801	5	144.5	5	144.5	5	144.5	17
1	5238	5	151.02	5	151.02	5	151.02	15
1	5238	10	351.35	8	351.35	12	351.35	15
1	5238	10	1570	8	1570	12	1570	17
1	33	13	3890	15	3890	15	3890	16
1	216	5	8000	5	8000	5	8000	17
1	631	2	414	2	414	2	414	17
1	16036	8	5175	9	5175	10	5175	17
1	573	1	3265	1	3265	1	3265	16
4	22883	1	1131	1	1131	1	1131	16
1	1	2	1604	2	1604	2	1604	17
1	347	2	3177	2	3177	2	3177	17
1	398	10	180	10	180	10	180	16
1	5238	5	156	4	156	4	156	16
1	5238	2	1544	2	1544	2	1544	16
1	5238	2	1544	2	1544	2	1544	14
2	5238	5	680	5	680	5	680	16
1	10887	2	132	2	132	2	132	17
1	10887	2	117	2	117	2	117	17
1	10887	2	100	2	100	2	100	20
1	10887	2	265	2	265	2	265	20
1	10887	5	764	5	764	5	764	20
1	10887	5	1017	5	1017	5	1017	20
2	10887	5	2903	5	2903	5	2903	20
1	214	5	4918	5	4918	5	4918	18
1	214	5	5084	5	5084	5	5084	18
1	214	5	4801	5	4801	5	4801	20
1	82	5	2771	5	2771	5	2771	17
2	2372	5	1944	5	1944	5	1944	19
1	577	10	9932	9	9932	9	9932	17
1	1475	400	3973	400	3973	400	3973	20
1	1475	400	5647	400	5647	400	5647	20
1	1475	400	5637	400	5637	400	5637	20
1	1475	400	5636	400	5636	400	5636	20
1	1475	400	5630	400	5630	400	5630	19
1	1475	400	5633	400	5633	400	5633	20
1	1475	400	5636	400	5636	400	5636	19
1	1475	400	5637	400	5637	400	5637	20
2	1475	400	5706	400	5706	400	5706	20
3	1475	400	5634	400	5634	400	5634	20
2	1475	400	5595	400	5595	400	5595	20
1	1475	400	5555	400	5555	400	5555	20
1	1475	400	5550	400	5550	400	5550	20
2	1475	3	4072	3	4072	3	4072	19
1	1475	3	3941	3	3941	3	3941	20
1	1475	3	3104	3	3104	3	3104	20
1	1475	3	2855	3	2855	3	2855	20
1	1475	3	2838	3	2838	3	2838	20
1	1475	3	2879	3	2879	3	2879	20
1	1475	3	2827	3	2827	3	2827	20
1	381	1	4640	2	4640	2	4640	20
2	593	10	3091	9	3091	8	3091	22
2	1475	3	2710	3	2710	3	2710	22
1	128	10	8394	12	8394	12	8394	22
1	2245	8	4715	9	4715	10	4715	22
2	378	2	4041	2	4041	2	4041	22
1	378	2	2823	2	2823	2	2823	23
3	79	10	9949	10	9949	10	9949	23
3	1976	2	2060	5	2060	5	2060	21
1	4035	10	30	12	30	15	30	22
1	868	4	3945	5	3945	5	3945	23
1	308	6	1553	10	1553	10	1553	23
1	5238	30	1500	35	1500	37	1500	22
1	5238	15	579	15	579	15	579	20
1	5238	12	362	12	362	12	362	22
1	5238	12	620	12	620	12	620	23
1	5238	12	1082	12	1082	12	1082	21
1	232	15	2500	15	2500	15	2500	21
1	572	5	380	5	380	5	380	22
1	572	5	700	5	700	5	700	22
1	572	11	1690	12	1690	12	1690	23
1	572	11	1540	12	1540	12	1540	23
1	572	11	1843	12	1843	12	1843	23
3	572	11	1155	12	1155	12	1155	22
1	216	5	8276	5	8276	5	8276	22
1	214	5	4810	5	4810	5	4810	21
1	207	5	2447	5	2447	5	2447	21
1	207	5	3452	5	3452	5	3452	22
1	207	5	3903	5	3903	5	3903	23
3	82	5	2744	5	2744	5	2744	23
2	670	30	565	25	565	35	565	22
1	347	5	3643	5	3643	5	3643	23
1	347	5	3002	5	3002	5	3002	21
2	4402	30	293	25	293	35	293	20
1	4402	5	151	5	151	5	151	21
1	1693	1	2355	1	2355	1	2355	22
1	1693	1	3470	1	3470	1	3470	22
1	1475	400	10000	0	0	0	0	23
1	1475	400	10000	0	0	0	0	23
1	1475	400	10000	0	0	0	0	23
1	1475	400	10000	0	0	0	0	23
1	1475	400	10000	0	0	0	0	23
1	1475	400	10000	0	0	0	0	23
1	1475	400	10000	0	0	0	0	23
1	1475	400	10000	0	0	0	0	23
1	1475	400	10000	0	0	0	0	23
1	1475	400	10000	0	0	0	0	23
1	1475	400	10000	0	0	0	0	23
1	1475	400	10000	0	0	0	0	23
1	1475	400	10000	0	0	0	0	23
1	1475	400	10000	0	0	0	0	23
1	1475	400	10000	0	0	0	0	23
1	1475	400	10000	0	0	0	0	23
1	1475	400	10000	0	0	0	0	23
1	1475	400	10000	0	0	0	0	23
1	1475	400	10000	0	0	0	0	23
1	1475	400	10000	0	0	0	0	23
1	1475	400	10000	0	0	0	0	23
1	1475	400	10000	0	0	0	0	23
1	1475	400	10000	0	0	0	0	23
1	1475	400	10000	0	0	0	0	23
1	1475	400	10000	0	0	0	0	23
1	1475	400	10000	0	0	0	0	22
1	1475	400	10000	0	0	0	0	23
1	1475	400	10000	0	0	0	0	23
1	1475	400	10000	0	0	0	0	23
1	1475	400	10000	0	0	0	0	22
1	1475	400	10000	0	0	0	0	23
1	1475	400	10000	0	0	0	0	23
1	1475	400	10000	0	0	0	0	23
1	1475	400	10000	0	0	0	0	23
1	1475	400	10000	0	0	0	0	23
1	1475	400	10000	0	0	0	0	23
1	1475	400	10000	0	0	0	0	23
1	1475	400	10000	0	0	0	0	23
1	1475	400	10000	0	0	0	0	23
1	1475	400	10000	0	0	0	0	23
1	1475	400	12000	0	0	0	0	23
1	1475	400	12000	0	0	0	0	23
1	1475	400	12000	0	0	0	0	23
1	1475	400	12000	0	0	0	0	23
1	1475	400	12000	0	0	0	0	23
1	1475	400	12000	0	0	0	0	23
1	1475	400	12000	0	0	0	0	23
1	1475	400	12000	0	0	0	0	23
1	1475	400	12000	0	0	0	0	23
1	1475	400	12000	0	0	0	0	23
1	1475	400	12000	0	0	0	0	23
1	1475	400	12000	0	0	0	0	23
1	1475	400	12000	0	0	0	0	24
1	1475	400	12000	0	0	0	0	24
1	1475	400	12000	0	0	0	0	23
1	1475	400	12000	0	0	0	0	23
1	1475	400	12000	0	0	0	0	23
1	1475	400	12000	0	0	0	0	23
1	1475	400	12000	0	0	0	0	23
1	1475	400	12000	0	0	0	0	23
1	1475	400	6000	0	0	0	0	23
1	1475	400	6000	0	0	0	0	23
1	1475	400	6000	0	0	0	0	24
1	1475	400	6000	0	0	0	0	23
1	1475	400	6000	0	0	0	0	23
1	1475	400	6000	0	0	0	0	23
1	1475	400	6000	0	0	0	0	23
1	1475	400	6000	0	0	0	0	23
1	1475	400	6000	0	0	0	0	23
1	1475	400	6000	0	0	0	0	24
1	1475	400	6000	0	0	0	0	23
1	1475	400	6000	0	0	0	0	23
1	1475	400	6000	0	0	0	0	24
1	1475	400	6000	0	0	0	0	23
1	1475	400	6000	0	0	0	0	23
1	1475	400	10000	0	0	0	0	23
1	1475	400	10000	0	0	0	0	23
1	1475	400	10000	0	0	0	0	23
1	1475	400	10000	0	0	0	0	23
1	1475	400	10000	0	0	0	0	23
1	1475	400	10000	0	0	0	0	23
1	1475	400	10000	0	0	0	0	23
1	1475	400	10000	0	0	0	0	24
1	1475	400	10000	0	0	0	0	23
1	1475	400	10000	0	0	0	0	23
1	1475	400	10000	0	0	0	0	23
1	1475	400	10000	0	0	0	0	23
1	1475	400	10000	0	0	0	0	23
1	1475	400	10000	0	0	0	0	23
1	1475	400	10000	0	0	0	0	23
1	1475	400	10000	0	0	0	0	23
1	1475	400	10000	0	0	0	0	24
1	1475	400	10000	0	0	0	0	24
1	1475	400	10000	0	0	0	0	23
1	1475	400	10000	0	0	0	0	23
1	1475	400	10000	0	0	0	0	23
1	1475	400	10000	0	0	0	0	23
1	1475	400	10000	0	0	0	0	24
1	1475	400	10000	0	0	0	0	23
1	1475	400	10000	0	0	0	0	23
1	1475	400	5000	0	0	0	0	23
1	1475	400	5000	0	0	0	0	23
1	1475	400	5000	0	0	0	0	23
1	1475	400	5000	0	0	0	0	23
1	1475	400	5000	0	0	0	0	23
1	1475	400	5000	0	0	0	0	24
1	1475	400	5000	0	0	0	0	24
1	1475	400	5000	0	0	0	0	24
1	1475	400	5000	0	0	0	0	23
1	1475	400	5000	0	0	0	0	23
1	1475	400	5000	0	0	0	0	23
1	1475	400	5000	0	0	0	0	24
1	1475	400	5000	0	0	0	0	24
1	1475	400	5000	0	0	0	0	24
1	1475	400	5000	0	0	0	0	24
1	1475	400	5000	0	0	0	0	23
1	1475	400	5000	0	0	0	0	23
1	1475	400	5000	0	0	0	0	24
1	1475	400	5000	0	0	0	0	24
1	1475	400	5000	0	0	0	0	24
1	1475	400	5000	0	0	0	0	24
1	1475	400	5000	0	0	0	0	23
1	1475	400	5000	0	0	0	0	24
1	1475	400	5000	0	0	0	0	23
1	1475	400	5500	0	0	0	0	24
1	1475	400	5500	0	0	0	0	25
1	1475	400	5500	0	0	0	0	25
1	1475	400	5500	0	0	0	0	25
1	1475	400	5500	0	0	0	0	24
1	1475	400	5500	0	0	0	0	24
1	1475	400	5500	0	0	0	0	24
1	1475	400	5500	0	0	0	0	24
1	1475	400	5500	0	0	0	0	24
1	1475	400	5500	0	0	0	0	23
1	1475	400	5500	0	0	0	0	23
1	1475	400	5500	0	0	0	0	23
1	1475	400	5500	0	0	0	0	25
1	1475	400	5500	0	0	0	0	25
1	1475	400	5500	0	0	0	0	25
1	1475	400	5500	0	0	0	0	25
1	1475	400	5500	0	0	0	0	25
1	1475	400	5500	0	0	0	0	24
1	1475	400	7500	0	0	0	0	25
1	1475	400	7500	0	0	0	0	25
1	1475	400	7500	0	0	0	0	25
1	1475	400	7500	0	0	0	0	24
1	1475	400	7500	0	0	0	0	24
1	1475	400	7500	0	0	0	0	24
1	1475	400	7500	0	0	0	0	25
1	1475	400	7500	0	0	0	0	25
1	1475	400	7500	0	0	0	0	24
1	1475	400	7500	0	0	0	0	24
1	1475	400	7500	0	0	0	0	24
1	1475	400	5500	0	0	0	0	25
1	1475	400	5500	0	0	0	0	25
1	1475	400	5500	0	0	0	0	25
1	1475	400	5500	0	0	0	0	25
1	1475	400	5500	0	0	0	0	25
1	1475	400	5500	0	0	0	0	25
1	1475	400	5500	0	0	0	0	25
1	1475	400	5500	0	0	0	0	24
1	1475	400	5500	0	0	0	0	25
1	1475	400	5500	0	0	0	0	25
1	1475	400	5500	0	0	0	0	25
1	1475	400	5500	0	0	0	0	24
1	1475	400	5500	0	0	0	0	24
1	1475	400	5500	0	0	0	0	25
1	1475	400	5500	0	0	0	0	25
1	1475	400	5500	0	0	0	0	25
1	1475	400	5500	0	0	0	0	24
1	1475	400	5500	0	0	0	0	24
1	1475	400	5500	0	0	0	0	24
1	1475	400	5500	0	0	0	0	24
1	1475	400	5500	0	0	0	0	24
1	1475	400	5500	0	0	0	0	24
1	1475	400	5500	0	0	0	0	25
1	1475	400	5500	0	0	0	0	25
1	1475	400	5500	0	0	0	0	25
1	1475	400	5500	0	0	0	0	24
1	1475	400	5500	0	0	0	0	24
1	1475	400	5500	0	0	0	0	24
1	1475	400	5500	0	0	0	0	25
1	1475	400	5500	0	0	0	0	25
1	1475	400	5500	0	0	0	0	25
1	1475	400	5500	0	0	0	0	25
1	1475	400	5500	0	0	0	0	25
1	1475	400	5500	0	0	0	0	25
1	1475	400	5500	0	0	0	0	24
1	1475	400	5500	0	0	0	0	24
1	1475	400	5500	0	0	0	0	24
1	1475	400	5500	0	0	0	0	24
1	1475	400	5500	0	0	0	0	25
1	1475	400	5500	0	0	0	0	25
1	1475	400	5500	0	0	0	0	25
1	1475	400	5500	0	0	0	0	25
1	1475	400	5500	0	0	0	0	24
1	1475	400	5500	0	0	0	0	24
1	1475	400	5500	0	0	0	0	24
1	1475	400	5500	0	0	0	0	24
1	1475	400	5500	0	0	0	0	25
1	1475	400	4500	0	0	0	0	25
1	1475	400	4500	0	0	0	0	25
1	1475	400	4500	0	0	0	0	25
1	1475	400	4500	0	0	0	0	25
1	1475	400	4500	0	0	0	0	25
1	1475	400	4500	0	0	0	0	25
1	1475	400	4500	0	0	0	0	25
1	1475	400	4500	0	0	0	0	24
1	1475	400	4500	0	0	0	0	24
1	1475	400	4500	0	0	0	0	24
1	1475	400	4500	0	0	0	0	24
1	1475	400	4500	0	0	0	0	25
1	1475	400	4500	0	0	0	0	25
1	1475	400	4500	0	0	0	0	25
1	1475	400	4500	0	0	0	0	25
1	1475	400	4500	0	0	0	0	25
1	1475	400	4500	0	0	0	0	24
1	1475	400	4500	0	0	0	0	24
1	1475	400	4500	0	0	0	0	24
1	1475	400	4500	0	0	0	0	24
1	1475	400	4500	0	0	0	0	25
1	1475	400	4500	0	0	0	0	25
1	1475	400	4500	0	0	0	0	25
1	1475	400	4500	0	0	0	0	25
1	1475	400	4500	0	0	0	0	24
1	1475	400	4500	0	0	0	0	25
1	1475	400	4500	0	0	0	0	25
1	1475	400	4500	0	0	0	0	24
1	1475	400	4500	0	0	0	0	24
1	1475	400	4500	0	0	0	0	24
1	1475	400	4500	0	0	0	0	25
1	1475	400	6000	0	0	0	0	23
1	1475	400	6000	0	0	0	0	23
1	1475	400	6000	0	0	0	0	23
1	1475	400	6000	0	0	0	0	23
1	1475	400	6000	0	0	0	0	22
1	1475	400	6000	0	0	0	0	22
1	1475	400	6000	0	0	0	0	22
1	1475	400	9500	0	0	0	0	23
1	1475	400	9500	0	0	0	0	23
1	1475	400	9500	0	0	0	0	22
1	1475	400	9500	0	0	0	0	22
1	1475	400	9500	0	0	0	0	23
1	1475	400	9500	0	0	0	0	25
1	1475	400	9500	0	0	0	0	25
1	1475	400	9500	0	0	0	0	25
1	1475	400	9500	0	0	0	0	24
1	1475	400	9500	0	0	0	0	25
1	1475	400	9500	0	0	0	0	25
1	1475	400	9500	0	0	0	0	25
2	1475	400	9500	0	0	0	0	22
2	1475	400	9500	0	0	0	0	22
2	1475	400	9500	0	0	0	0	22
2	1475	400	9500	0	0	0	0	23
2	1475	400	10500	0	0	0	0	22
2	1475	400	10500	0	0	0	0	23
2	1475	400	10500	0	0	0	0	23
2	1475	400	10500	0	0	0	0	22
2	1475	400	10500	0	0	0	0	22
2	1475	400	10500	0	0	0	0	21
2	1475	400	10500	0	0	0	0	21
2	1475	400	9500	0	0	0	0	22
2	1475	400	9500	0	0	0	0	22
2	1475	400	4500	0	0	0	0	24
2	1475	400	4500	0	0	0	0	24
2	1475	400	4500	0	0	0	0	23
2	1475	400	5500	0	0	0	0	25
2	1475	400	5500	0	0	0	0	24
2	1475	400	5500	0	0	0	0	24
2	1475	400	5500	0	0	0	0	25
2	1475	400	5500	0	0	0	0	24
2	1475	400	5500	0	0	0	0	24
2	1475	400	5500	0	0	0	0	24
2	1475	400	5500	0	0	0	0	25
2	1475	400	6500	0	0	0	0	25
2	1475	400	6500	0	0	0	0	25
2	1475	400	6500	0	0	0	0	24
2	1475	400	4500	0	0	0	0	25
2	1475	400	4500	0	0	0	0	25
2	1475	400	9500	0	0	0	0	25
2	1475	400	9500	0	0	0	0	25
2	1475	400	9500	0	0	0	0	25
3	1475	400	4000	0	0	0	0	24
3	1475	400	4000	0	0	0	0	24
3	1475	400	5500	0	0	0	0	23
3	1475	400	5500	0	0	0	0	24
3	1475	400	5500	0	0	0	0	24
3	1475	400	5500	0	0	0	0	24
3	5238	12	383	15	383	16	383	22
3	2761	2	8500	4	8500	5	8500	21
