Ro	tau	E	lat	lon
0.015912561	0	0.0	38.340545	23.631568
1.128745625	0.2390914	160.2	38.266992	23.246645
1.227735651	0.3529824	201.9	38.530815	22.978638
0.052843334	0	0.0	38.376628	23.095453
0.199004585	0	0.0	38.494699	22.973042
0.118269612	0	0.0	38.266847	23.242755
0.008503925	0	0.0	38.929657	22.781467
0.135992541	0	0.0	38.53077	22.979103
0.004513486	0	0.0	38.531297	22.979063
0.074219191	0	0.0	38.500649	22.960853
0.003593951	0	0.0	38.412223	23.625202
0.030551027	0	0.0	38.377103	23.095347
0.728941686	0	0.0	38.421172	22.936253
0.14857132	0	0.0	38.369925	23.097837
0.114746047	0	0.0	38.414718	23.619062
0.012330875	0	0.0	38.388005	23.068015
0.021557074	0	0.0	38.452172	22.996491
0.017919244	0	0.0	38.487778	22.973687
0.009043607	0	0.0	38.494692	22.973018
0.061757751	0	0.0	38.500917	22.96105
0.025453987	0	0.0	38.49572	22.926872
0.041311781	0	0.0	38.501633	22.801222
1.125625138	0.2199083	138.8	39.04513	22.310852
0.296125978	0	0.0	38.915625	22.108632
0.017687933	0	0.0	38.948972	22.304001
0.38476632	0	0.0	38.347952	23.322772
0.190983284	0	0.0	38.546994	23.09562
0.409615565	0	0.0	38.391627	23.062757
0.517740723	0	0.0	38.261093	23.108045
0.012168361	0	0.0	38.48781	22.973753
0.171256695	0	0.0	38.500887	22.961052
0.061781455	0	0.0	38.500635	22.960748
0.532723316	0	0.0	38.530993	22.978598
0.303590434	0	0.0	38.376757	23.095568
0.330145221	0	0.0	38.376628	23.0953
0.009795721	0	0.0	38.369559	23.109752
0.036953759	0	0.0	38.367798	23.111823
0.108636191	0	0.0	38.39063	23.117253
0.021388559	0	0.0	38.392475	23.118513
0.478226008	0	0.0	38.407732	23.129725
0.148507734	0	0.0	38.534282	22.807133
0.054727893	0	0.0	38.538985	22.798215
0.006839177	0	0.0	38.543067	22.798206
0.031403762	0	0.0	38.580407	22.814265
0.070857426	0	0.0	38.627477	22.76814
0.060658222	0	0.0	38.732877	22.741602
0.09876605	0	0.0	38.829352	22.51246
0.096679186	0	0.0	38.845356	22.513717
0.117785819	0	0.0	38.845342	22.514138
0.043573232	0	0.0	38.845426	22.514672
0.031351495	0	0.0	38.845423	22.514987
0.074848304	0	0.0	38.845777	22.517168
0.013082675	0	0.0	38.845876	22.51767
0.028799448	0	0.0	38.845977	22.51843
0.031124054	0	0.0	38.847187	22.526987
0.077827941	0	0.0	38.846538	22.527007
0.108327593	0	0.0	38.846188	22.52717
1.386594339	0.5012568	739.4	38.845827	22.527262
0.150208676	0	0.0	38.845784	22.527724
0.117384885	0	0.0	38.874897	22.525622
0.162815195	0	0.0	38.87526	22.524345
0.134109727	0	0.0	38.87824	22.515197
0.230855397	0	0.0	38.880197	22.5126
1.127693575	0.2178819	321.4	38.879877	22.51241
0.340237277	0	0.0	38.879497	22.512265
0.375778181	0	0.0	38.879197	22.512082
0.27433688	0	0.0	38.906412	22.836865
0.011332042	0	0.0	38.893518	22.783967
0.038839432	0	0.0	38.861002	22.466642
0.078308309	0	0.0	39.129308	22.380615
0.026086223	0	0.0	38.942868	22.122337
1.105285114	0.1845453	69.8	38.849323	22.696322
0.011386521	0	0.0	38.83967	22.689022
0.68299808	0	0.0	38.733065	22.741587
0.119341788	0	0.0	38.350057	23.665808
0.025681691	0	0.0	38.345172	23.571935
0.133103824	0	0.0	38.461637	23.182078
1.087672131	0.1760872	54.2	38.547003	23.095657
0.076904946	0	0.0	38.507491	22.996987
0.016987957	0	0.0	38.494835	22.99658
0.01970379	0	0.0	38.494717	22.97301
0.021360299	0	0.0	38.496246	22.970198
0.107772782	0	0.0	38.500985	22.970552
0.313505492	0	0.0	38.488696	22.944256
0.044503417	0	0.0	38.53371	22.978685
0.022536151	0	0.0	38.530747	22.979415
0.034117958	0	0.0	38.533337	22.964042
0.01346825	0	0.0	38.53153	22.96115
0.015684178	0	0.0	38.534138	22.959085
0.139295117	0	0.0	38.516355	22.948927
0.007381107	0	0.0	38.501698	22.801165
0.023945509	0	0.0	38.535107	22.807808
0.133147406	0	0.0	38.555577	22.820012
0.031259438	0	0.0	38.557225	22.805701
0.006751216	0	0.0	38.558142	22.799783
0.1423169	0	0.0	38.580585	22.814735
0.311650711	0	0.0	38.261762	23.23356
0.011765318	0	0.0	38.357547	23.055672
0.563163082	0	0.0	38.37066	23.05707
0.043259671	0	0.0	38.377178	23.103287
0.026444381	0	0.0	38.369097	23.109681
0.072946542	0	0.0	38.401072	22.949665
0.010164063	0	0.0	38.397388	22.937448
0.062164587	0	0.0	38.82915167	22.49910667
0.080471886	0	0.0	38.829245	22.499065
0.011303081	0	0.0	38.87803	22.52091
0.115997147	0	0.0	38.87805333	22.52092333
0.077151989	0	0.0	38.87813833	22.52095111
0.055239706	0	0.0	38.877815	22.52239333
0.194994999	0	0.0	38.87731556	22.52356667
1.112324551	0.1949371	287.5	38.877235	22.52355
0.055275117	0	0.0	38.87646667	22.52543667
0.080164305	0	0.0	38.88133282	22.51474065
0.375263385	0	0.0	38.88128196	22.51487383
0.011282587	0	0.0	38.88110193	22.51542406
1.284320208	0.4074125	600.9	38.8810584	22.51569006
0.262659798	0	0.0	38.8808246	22.51657337
0.02456155	0	0.0	38.88077469	22.51659139
0.009139585	0	0.0	38.8802729	22.51829218
0.151043023	0	0.0	38.88024474	22.51829102
0.121125999	0	0.0	38.87995298	22.51914524
0.14934856	0	0.0	38.88336722	22.51242556
0.015634365	0	0.0	38.88308333	22.51351167
0.011200804	0	0.0	38.88288333	22.51418167
0.312716418	0	0.0	38.88267222	22.51466167
0.070757584	0	0.0	38.88275333	22.514715
0.03522199	0	0.0	38.88240556	22.51563778
0.056491247	0	0.0	38.88242833	22.51564167
0.043780014	0	0.0	38.88214278	22.51656889
0.014480951	0	0.0	38.88217222	22.51657278
0.028321217	0	0.0	38.88185778	22.51740778
0.063164035	0	0.0	38.88187	22.517445
0.033300041	0	0.0	38.88168556	22.51783111
0.011949288	0	0.0	38.88158167	22.51833
0.121098287	0	0.0	38.88145	22.51884722
0.522420583	0	0.0	38.88139667	22.51880667
0.005802295	0	0.0	38.88108024	22.51973146
0.012521132	0	0.0	38.88104115	22.5198222
0.248095316	0	0.0	38.88093603	22.52050831
0.059927974	0	0.0	38.88096539	22.52054363
0.589521065	0	0.0	38.88078226	22.52134136
0.016563515	0	0.0	38.88085407	22.5213625
0.028614766	0	0.0	38.88073103	22.52202678
0.816244425	0	0.0	38.87478778	22.48524611
0.249629742	0	0.0	38.87647	22.48506167
0.223484927	0	0.0	38.88001167	22.48478833
0.064879884	0	0.0	38.88082889	22.48487
0.131006373	0	0.0	38.88214833	22.48463167
0.534140448	0	0.0	38.88344667	22.48446111
0.03312311	0	0.0	38.88482333	22.52179333
0.005252066	0	0.0	38.88486333	22.52178833
0.182438268	0	0.0	38.88758167	22.51769
0.034089285	0	0.0	38.8878	22.5172
0.010274203	0	0.0	38.889705	22.51636
0.054799744	0	0.0	38.88905333	22.51851667
0.115057057	0	0.0	38.88906833	22.51849
0.009278324	0	0.0	38.88879333	22.51914667
0.228218759	0	0.0	38.8908675	22.51695333
0.133997869	0	0.0	38.89087083	22.5169625
0.230558182	0	0.0	38.89026333	22.51911417
0.218181389	0	0.0	38.89219	22.51772167
0.016323873	0	0.0	38.89219333	22.51767833
0.040133151	0	0.0	38.89174833	22.51887667
0.579767823	0	0.0	38.87876278	22.48971944
0.012600949	0	0.0	38.8415925	22.53110083
0.167312775	0	0.0	38.84191298	22.53296909
1.034368482	0.06763894	99.8	38.8414625	22.53365917
0.273273343	0	0.0	38.8411825	22.53418833
0.341098637	0	0.0	38.84189833	22.5368175
0.117603409	0	0.0	38.84328833	22.53732667
0.271294941	0	0.0	38.842615	22.53954833
0.151726732	0	0.0	38.84313667	22.5421
0.15526951	0	0.0	38.84225333	22.53876667
0.120433402	0	0.0	38.8733845	22.49280236
0.445741096	0	0.0	38.87264073	22.49282792
0.345702542	0	0.0	38.8707284	22.49339891
0.109546342	0	0.0	38.84219083	22.542825
1.718479915	0.6994887	1031.7	38.86948524	22.49331022
0.005753633	0	0.0	38.88230754	22.49379133
0.610458431	0	0.0	38.88212698	22.49367036
0.126364836	0	0.0	38.88177088	22.49369479
0.022061025	0	0.0	38.88120529	22.49387104
0.153819499	0	0.0	38.88043249	22.49403315
0.408306297	0	0.0	38.87856286	22.49426726
0.005038614	0	0.0	38.87840892	22.49421782
0.105470468	0	0.0	38.87729996	22.49436008
0.069735723	0	0.0	38.87555001	22.49476759
0.005725486	0	0.0	38.87455449	22.49474423
0.018071585	0	0.0	38.87347339	22.49493534
0.054912327	0	0.0	38.87260528	22.4952355
0.1570803	0	0.0	38.88073718	22.49625712
0.01158252	0	0.0	38.88040901	22.49623354
0.029058556	0	0.0	38.87871056	22.49670245
0.078725813	0	0.0	38.87781523	22.49660699
0.20618924	0	0.0	38.87533177	22.49700099
1.687673003	0.6855651	1011.2	38.8745227	22.49711705
0.091953512	0	0.0	38.87079241	22.49768382
0.005958971	0	0.0	38.87042432	22.49774993
0.02277369	0	0.0	38.87042524	22.49774834
0.01916071	0	0.0	38.88149575	22.49815972
0.007824326	0	0.0	38.88029642	22.49838791
0.011789144	0	0.0	38.87968882	22.49843354
0.005386328	0	0.0	38.87903018	22.49857538
0.03180338	0	0.0	38.87573321	22.49907614
0.508886287	0	0.0	38.87560857	22.49910616
0.079490277	0	0.0	38.87411238	22.49942973
0.469173071	0	0.0	38.872961	22.49957164
0.098956177	0	0.0	38.82296325	22.49955442
0.044432713	0	0.0	38.87199682	22.49974584
0.1977782	0	0.0	38.82296101	22.49963943
0.870872473	0	0.0	38.82516217	22.50471818
0.006880076	0	0.0	38.82536559	22.50466428
0.094426584	0	0.0	38.82530697	22.50770112
0.132012061	0	0.0	38.82560096	22.50837887
0.205630339	0	0.0	38.82564963	22.50838204
0.372408401	0	0.0	38.82557682	22.50973805
0.046610362	0	0.0	38.82495571	22.50215191
0.334084262	0	0.0	38.82723736	22.49857171
0.097573226	0	0.0	38.82406616	22.50785661
0.401487068	0	0.0	38.82381687	22.5059443
0.265254375	0	0.0	38.82867023	22.50857174
0.01670532	0	0.0	38.82472023	22.50325859
0.013094959	0	0.0	38.82937502	22.51361473
0.011125054	0	0.0	38.82965549	22.51430418
0.003426239	0	0.0	38.82489726	22.50478785
0.023360987	0	0.0	38.84167721	22.5101961
0.013215305	0	0.0	38.84115809	22.50599778
0.067942333	0	0.0	38.83855968	22.4973869
0.379798439	0	0.0	38.83863782	22.498807
2.20791907	0.8454744	1247.1	38.8386498	22.49890254
0.005428664	0	0.0	38.83871439	22.49930885
0.132630884	0	0.0	38.83880877	22.49997999
0.015819749	0	0.0	38.83904592	22.5016204
0.11322237	0	0.0	38.83980045	22.50695988
1.55732147	0.6183397	912.1	38.83991712	22.50789962
0.709050716	0	0.0	38.84000995	22.50828249
0.025458211	0	0.0	38.8417782	22.51020176
0.285839105	0	0.0	38.8415503	22.50912981
0.085285972	0	0.0	38.84144979	22.50824682
0.146881527	0	0.0	38.84129871	22.50740822
0.010509885	0	0.0	38.84127277	22.5073702
0.099354359	0	0.0	38.84103431	22.50524803
0.009330778	0	0.0	38.84111975	22.50522447
1.072600601	0.1338302	197.4	38.84093466	22.50446913
0.01258749	0	0.0	38.84010048	22.49796825
0.010330124	0	0.0	38.85058227	22.49318558
0.100068841	0	0.0	38.85072782	22.49417931
0.087533238	0	0.0	38.85083084	22.49484009
0.023967177	0	0.0	38.85090582	22.49536537
0.042633601	0	0.0	38.85174138	22.50210943
0.151318868	0	0.0	38.85216333	22.50545333
3.007990537	0.941037	1388.0	38.852315	22.50633
0.029457728	0	0.0	38.85236167	22.5062825
0.300064789	0	0.0	38.8526	22.50842833
0.366272608	0	0.0	38.85568267	22.50812568
0.005556457	0	0.0	38.85581219	22.50934313
0.092431696	0	0.0	38.85621	22.51136417
0.143405817	0	0.0	38.85756583	22.5111175
0.134344385	0	0.0	38.85752917	22.511175
0.026321544	0	0.0	38.85760917	22.51205542
0.509803762	0	0.0	38.85760667	22.51265875
0.07389521	0	0.0	38.8563125	22.51275167
0.022452581	0	0.0	38.857955	22.51378667
0.006407164	0	0.0	38.85774083	22.51490125
0.01990394	0	0.0	38.85812042	22.51563792
0.01571494	0	0.0	38.85786208	22.51567542
0.054100825	0	0.0	38.85831667	22.51731
0.301640766	0	0.0	38.85829625	22.51742792
0.028253316	0	0.0	38.85800125	22.51739917
0.070605943	0	0.0	38.85796542	22.51823917
0.005621079	0	0.0	38.8586475	22.52023792
0.030240252	0	0.0	38.86038625	22.52090208
0.325670439	0	0.0	38.85893292	22.52187875
0.070050193	0	0.0	38.85849833	22.52211208
0.01479495	0	0.0	38.85908167	22.511745
1.574733003	0.6283129	926.8	38.86009708	22.51099667
0.255911791	0	0.0	38.85971375	22.51239458
0.838800693	0	0.0	38.860975	22.512745
0.08344898	0	0.0	38.85908167	22.511745
1.560265976	0.6200642	914.6	38.86088833	22.51338958
0.056782384	0	0.0	38.86105875	22.51421625
0.063865956	0	0.0	38.85937083	22.51442833
0.026088402	0	0.0	38.86108792	22.51579167
0.020735313	0	0.0	38.85937083	22.51442833
0.19034386	0	0.0	38.8614025	22.51759833
0.015924395	0	0.0	38.859745	22.51672083
0.476055067	0	0.0	38.8597725	22.5171325
0.009090351	0	0.0	38.86153333	22.51937708
0.007805757	0	0.0	38.85981833	22.51751
0.029758036	0	0.0	38.86229542	22.51947292
0.034141457	0	0.0	38.8617075	22.52096917
0.184505008	0	0.0	38.86174708	22.52143542
0.249007164	0	0.0	38.86214833	22.52207833
0.041191509	0	0.0	38.86208042	22.5232775
0.114519853	0	0.0	38.86332667	22.52147833
0.098155102	0	0.0	38.86349875	22.52255167
0.046455627	0	0.0	38.86329631	22.52162747
0.065033173	0	0.0	38.8636736	22.52415485
0.204199892	0	0.0	38.81853708	22.51622125
0.029252882	0	0.0	38.81845833	22.5167925
0.106032624	0	0.0	38.81889958	22.51772833
0.012146486	0	0.0	38.82675667	22.504505
0.063447411	0	0.0	38.82694167	22.50544667
0.175742935	0	0.0	38.83645125	22.51512417
0.011496093	0	0.0	38.83645875	22.51603625
0.020334058	0	0.0	38.83674083	22.51658167
0.290002841	0	0.0	38.83686542	22.517905
0.085034681	0	0.0	38.8374525	22.52251083
0.074338454	0	0.0	38.83772208	22.52364833
0.026658652	0	0.0	38.8378175	22.52444792
0.032734	0	0.0	38.8271725	22.50721917
1.120530237	0.2098152	309.5	38.83795417	22.52534708
0.839134707	0	0.0	38.83811542	22.52631792
0.004930427	0	0.0	38.82749	22.50945
0.031537581	0	0.0	38.83524833	22.517815
0.192449674	0	0.0	38.83546125	22.51855125
0.02147171	0	0.0	38.83546292	22.51913917
0.865857858	0	0.0	38.82762667	22.51030833
0.203821524	0	0.0	38.8356	22.520055
0.00630924	0	0.0	38.83576458	22.52080917
0.182106843	0	0.0	38.83650417	22.52540583
1.566638658	0.6241727	920.7	38.83452	22.52295167
0.045507469	0	0.0	38.834805	22.52481417
0.260019052	0	0.0	38.834995	22.52580333
0.174518763	0	0.0	38.8351	22.526495
0.175583004	0	0.0	38.83901083	22.53259917
0.055126012	0	0.0	38.84036333	22.532995
0.015174591	0	0.0	38.840545	22.53425
0.163726509	0	0.0	38.82812056	22.50403889
0.093705543	0	0.0	38.82897611	22.50981556
0.007867145	0	0.0	38.82904278	22.51051333
0.195571899	0	0.0	38.84212833	22.542835
0.442103719	0	0.0	38.87844167	22.51441389
0.178669037	0	0.0	38.84315	22.54209167
0.007520197	0	0.0	38.82544485	22.53665267
0.107296009	0	0.0	38.8244774	22.53241097
0.060633657	0	0.0	38.82384994	22.53067665
0.008566265	0	0.0	38.87732833	22.51783667
0.312171496	0	0.0	38.87717	22.51824167
0.174183623	0	0.0	38.82363326	22.52937267
0.169104494	0	0.0	38.81850535	22.53035584
0.005495861	0	0.0	38.87887292	22.522045
0.207560887	0	0.0	38.88138405	22.51881445
0.084198338	0	0.0	38.87485	22.52594167
0.330506838	0	0.0	38.87661125	22.52592167
0.013555617	0	0.0	38.88061336	22.52131726
0.055207057	0	0.0	38.8779775	22.5249675
0.012959298	0	0.0	38.87757583	22.52638833
0.137551917	0	0.0	38.879045	22.52617167
0.313158546	0	0.0	38.87861333	22.52760333
0.009405249	0	0.0	38.88325167	22.52204917
0.729349065	0	0.0	38.89323667	22.51847333
0.503295518	0	0.0	38.8803575	22.52721417
0.393198059	0	0.0	38.81742597	22.52882394
0.020555123	0	0.0	38.88169287	22.51360688
1.997906101	0.7962271	1174.4	38.88157056	22.51831778
1.189124723	0.3002603	442.9	38.88124833	22.519335
0.847149338	0	0.0	38.88126167	22.519365
0.011802719	0	0.0	38.88572333	22.5189275
0.021230784	0	0.0	38.88573667	22.51891333
0.061438215	0	0.0	38.88800083	22.51651583
4.549643316	0.98888	1458.6	38.89051	22.5180225
2.215861105	0.8468767	1249.1	38.84315667	22.54175833
0.446429276	0	0.0	38.84315667	22.54175833
0.034728144	0	0.0	38.88172116	22.49602089
0.081072221	0	0.0	38.87871869	22.49658338
0.031627906	0	0.0	38.82416845	22.49925935
0.025207786	0	0.0	38.82399377	22.50689085
0.38411269	0	0.0	38.82917885	22.51209079
0.14874065	0	0.0	38.83902495	22.50140445
0.050066031	0	0.0	38.83994311	22.50780552
0.098410229	0	0.0	38.84016724	22.50911471
0.78389373	0	0.0	38.84079789	22.50360053
0.136102479	0	0.0	38.84058077	22.50198253
0.175395269	0	0.0	38.84033179	22.50040167
0.025954729	0	0.0	38.83993226	22.49734164
0.17188024	0	0.0	38.83992147	22.49669602
0.308553778	0	0.0	38.85158583	22.50018045
0.979229662	0	0.0	38.85462248	22.5007478
0.254542317	0	0.0	38.85483304	22.502265
0.963999488	0	0.0	38.83378	22.517745
1.010775544	0.03732134	55.0	38.835155	22.52741333
0.014867682	0	0.0	38.84157833	22.54101167
0.05440161	0	0.0	38.87659	22.52031333
0.269768554	0	0.0	38.87896667	22.52174083
0.979923676	0	0.0	38.82388262	22.50669486
0.447619386	0	0.0	38.82929226	22.51291644
0.022357905	0	0.0	38.84102015	22.50442313
0.372217178	0	0.0	38.84067303	22.50272363
0.503436457	0	0.0	38.84042031	22.5011223
0.711968604	0	0.0	38.84034837	22.4994367
0.369677393	0	0.0	38.49536023	22.974598
0.042330965	0	0.0	38.77675496	22.77150179
